# 2D version of the crustal structure dataset, using the theta value closest to pi/2. 
# Only next line is parsed in format: [nx] [ny] [nz] because of keyword "POINTS:"
# POINTS: 360 1
# Columns: phi (radians) crustal_depth (m)
0.00873 6850
0.02618 7090
0.04363 7070
0.06109 6870
0.07854 6910
0.09599 6890
0.11345 6790
0.1309 6520
0.14835 6760
0.16581 6980
0.18326 7070
0.20071 7150
0.21817 7250
0.23562 7120
0.25307 7000
0.27053 7170
0.28798 7070
0.30543 7000
0.32289 6960
0.34034 6950
0.35779 6980
0.37525 6870
0.3927 7080
0.41015 7000
0.42761 6910
0.44506 6900
0.46251 6930
0.47997 7040
0.49742 6910
0.51487 6840
0.53233 6820
0.54978 7030
0.56723 7150
0.58469 7160
0.60214 7110
0.61959 7100
0.63705 7070
0.6545 7060
0.67195 7070
0.68941 7090
0.70686 7110
0.72431 7140
0.74176 7130
0.75922 7060
0.77667 6990
0.79412 7060
0.81158 7120
0.82903 7120
0.84648 7120
0.86394 7070
0.88139 7010
0.89884 6950
0.9163 6890
0.93375 6930
0.9512 6950
0.96866 6910
0.98611 7100
1.00356 7070
1.02102 7030
1.03847 6980
1.05592 7110
1.07338 7080
1.09083 7040
1.10828 7000
1.12574 7020
1.14319 7020
1.16064 7000
1.1781 6990
1.19555 6980
1.213 6980
1.23046 6970
1.24791 6990
1.26536 7010
1.28282 6950
1.30027 6950
1.31772 6970
1.33518 6990
1.35263 6950
1.37008 7030
1.38754 6980
1.40499 7000
1.42244 7030
1.4399 7050
1.45735 7060
1.4748 7040
1.49226 7000
1.50971 7010
1.52716 6970
1.54462 13630
1.56207 15350
1.57952 10980
1.59698 9640
1.61443 7430
1.63188 7290
1.64934 7040
1.66679 8750
1.68424 10750
1.7017 11970
1.71915 14410
1.7366 23470
1.75406 34000
1.77151 50500
1.78896 44000
1.80642 41000
1.82387 41000
1.84132 41000
1.85878 41000
1.87623 41000
1.89368 41000
1.91114 41000
1.92859 41000
1.94604 41000
1.9635 41000
1.98095 41000
1.9984 41000
2.01586 41000
2.03331 37000
2.05076 37000
2.06822 37000
2.08567 37000
2.10312 37000
2.12058 36000
2.13803 36000
2.15548 36000
2.17293 36000
2.19039 36000
2.20784 36000
2.22529 36000
2.24275 36840
2.2602 30000
2.27765 30000
2.29511 29990
2.31256 29970
2.33001 28950
2.34747 24170
2.36492 8780
2.38237 8950
2.39983 9050
2.41728 8070
2.43473 8030
2.45219 8180
2.46964 7900
2.48709 7870
2.50455 7890
2.522 7890
2.53945 7760
2.55691 7760
2.57436 6810
2.59181 6850
2.60927 6860
2.62672 6870
2.64417 7000
2.66163 7130
2.67908 7200
2.69653 7260
2.71399 7050
2.73144 7000
2.74889 6990
2.76635 7050
2.7838 6990
2.80125 7000
2.81871 7120
2.83616 6870
2.85361 6920
2.87107 7090
2.88852 6910
2.90597 7110
2.92343 7060
2.94088 7100
2.95833 7080
2.97579 6820
2.99324 6880
3.01069 6860
3.02815 8000
3.0456 7980
3.06305 7970
3.08051 7910
3.09796 7930
3.11541 7990
3.13287 8000
3.15032 7990
3.16777 8000
3.18523 8040
3.20268 8020
3.22013 9060
3.23759 8970
3.25504 11430
3.27249 12280
3.28995 20440
3.3074 30000
3.32485 37000
3.34231 37010
3.35976 37000
3.37721 37000
3.39467 36000
3.41212 36000
3.42957 41000
3.44703 41000
3.46448 43000
3.48193 43000
3.49939 41000
3.51684 41000
3.53429 42000
3.55175 41990
3.5692 41000
3.58665 38000
3.6041 38000
3.62156 38000
3.63901 38000
3.65646 35000
3.67392 32000
3.69137 38000
3.70882 36000
3.72628 36000
3.74373 39000
3.76118 35790
3.77864 32340
3.79609 36340
3.81354 37660
3.831 35000
3.84845 35000
3.8659 34000
3.88336 32000
3.90081 29220
3.91826 14470
3.93572 12980
3.95317 11980
3.97062 9980
3.98808 10000
4.00553 7990
4.02298 7980
4.04044 7970
4.05789 7970
4.07534 8000
4.0928 6920
4.11025 6880
4.1277 6840
4.14516 6910
4.16261 6820
4.18006 6940
4.19752 7200
4.21497 7130
4.23242 7000
4.24988 7150
4.26733 7230
4.28478 7130
4.30224 7040
4.31969 6950
4.33714 7200
4.3546 7180
4.37205 6800
4.3895 7010
4.40696 7030
4.42441 18730
4.44186 7000
4.45932 7000
4.47677 7980
4.49422 7930
4.51168 7930
4.52913 7970
4.54658 8990
4.56404 8970
4.58149 9940
4.59894 9970
4.6164 9970
4.63385 10010
4.6513 9020
4.66876 8040
4.68621 8000
4.70366 6970
4.72112 8050
4.73857 7990
4.75602 9010
4.77348 9010
4.79093 8980
4.80838 7960
4.82584 8920
4.84329 21710
4.86074 28860
4.8782 33000
4.89565 32000
4.9131 31000
4.93056 31000
4.94801 30000
4.96546 29990
4.98292 28970
5.00037 28950
5.01782 28970
5.03527 30000
5.05273 31000
5.07018 31000
5.08763 31000
5.10509 31000
5.12254 32000
5.13999 33000
5.15745 34000
5.1749 33000
5.19235 30920
5.20981 28750
5.22726 28280
5.24471 30000
5.26217 29940
5.27962 29520
5.29707 29500
5.31453 28760
5.33198 19850
5.34943 19840
5.36689 30840
5.38434 30690
5.40179 25290
5.41925 20630
5.4367 14540
5.45415 7020
5.47161 7190
5.48906 7330
5.50651 6930
5.52397 7940
5.54142 8060
5.55887 8100
5.57633 8090
5.59378 7970
5.61123 7880
5.62869 7910
5.64614 8050
5.66359 7930
5.68105 8060
5.6985 8030
5.71595 6960
5.73341 7150
5.75086 7050
5.76831 7160
5.78577 7470
5.80322 8120
5.82067 8270
5.83813 12060
5.85558 23580
5.87303 23900
5.89049 23780
5.90794 27650
5.92539 27370
5.94285 11980
5.9603 7950
5.97775 6920
5.99521 6930
6.01266 6990
6.03011 7030
6.04757 7050
6.06502 7080
6.08247 8750
6.09993 8590
6.11738 7100
6.13483 7220
6.15229 7160
6.16974 6950
6.18719 6790
6.20465 6780
6.2221 6870
6.23955 6770
6.25701 6810
6.27446 6790

