> 
7.700 5.978
8.994 8.115
10.795 8.059
12.651 9.128
14.283 9.634
15.914 11.491
17.940 13.179
19.402 13.629
20.752 12.616
21.540 10.985
23.678 11.322
25.141 10.310
27.110 9.016
28.910 8.509
30.710 7.778
32.173 6.821
32.623 5.753
32.511 2.602
32.117 1.027
32.342 -0.605
32.511 -2.630
32.848 -3.924
34.480 -4.487
36.505 -5.781
36.787 -6.906
36.618 -8.144
35.493 -9.606
34.255 -10.225
33.580 -11.575
33.017 -13.545
31.779 -14.051
29.810 -12.813
28.010 -11.801
27.447 -9.663
26.716 -9.888
26.604 -12.307
27.054 -14.782
28.179 -16.751
29.445 -19.396
31.414 -21.252
32.651 -23.221
32.370 -26.147
30.851 -28.228
29.051 -29.354
28.038 -31.041
27.082 -32.167
25.338 -30.816
23.087 -30.085
21.512 -29.297
21.906 -26.653
22.750 -24.234
23.875 -22.377
24.381 -19.789
22.581 -19.902
22.018 -21.646
20.949 -22.546
18.361 -21.984
15.323 -21.027
13.917 -20.633
12.623 -19.677
12.173 -17.033
12.454 -14.557
14.311 -12.026
14.367 -10.000
13.411 -6.287
12.454 -4.656
10.429 -3.362
9.191 -1.111
10.204 1.533
10.598 3.615
7.560 5.077
7.728 5.865
7.728 5.921
7.700 5.978
> 
19.599 47.582
21.962 46.822
25.056 45.191
30.514 45.753
39.403 46.034
45.985 46.203
51.555 46.091
51.555 46.091
54.311 45.359
56.562 48.622
57.912 50.085
58.081 52.954
58.643 55.036
58.306 57.061
61.006 57.737
60.500 59.368
59.487 61.225
57.124 61.843
56.168 63.419
54.874 64.713
53.524 65.838
51.723 66.344
49.586 67.019
46.773 68.370
45.591 69.945
43.285 71.351
40.021 71.576
36.421 71.801
31.639 72.026
27.025 71.745
22.975 71.689
20.499 70.620
17.743 69.213
15.042 67.638
12.904 66.232
8.910 64.375
6.041 62.575
3.621 61.112
3.621 59.424
3.621 57.511
4.747 56.161
5.253 54.755
4.690 53.630
5.872 51.717
9.022 50.873
13.129 50.423
15.380 49.916
18.474 48.876
19.599 47.582
>
84.115 67.301
87.097 69.382
89.460 70.395
91.710 71.183
93.679 71.408
96.323 71.576
99.361 71.408
99.586 73.602
100.937 73.996
103.300 73.939
105.719 72.758
106.900 72.364
108.982 72.983
111.007 73.377
113.145 73.827
115.283 73.377
117.815 73.208
121.303 72.477
125.691 72.533
127.097 72.420
127.548 71.351
127.154 69.382
126.760 67.301
126.704 65.838
128.448 65.275
128.729 64.375
129.404 62.069
129.404 60.212
131.148 61.506
133.736 61.562
135.255 60.099
136.662 58.468
136.999 55.936
136.718 52.954
133.230 52.279
121.584 52.223
117.871 53.405
118.546 55.542
118.152 57.624
115.677 59.424
113.651 59.762
110.895 58.580
110.051 57.118
109.376 55.205
108.813 53.067
108.926 51.154
106.113 50.141
101.949 50.817
98.405 50.648
95.311 51.323
92.892 53.798
89.516 54.755
86.534 57.230
85.747 60.156
85.240 64.150
84.171 67.357
84.171 67.357
84.115 67.301
> 
70.613 24.093
72.919 24.037
75.170 23.756
77.139 24.318
78.827 23.531
80.402 21.111
81.640 19.592
82.202 18.073
81.415 16.104
78.995 17.004
78.433 15.936
79.389 15.148
79.783 13.685
79.389 11.491
77.701 9.297
77.026 8.397
75.620 11.097
73.819 14.473
73.538 17.173
73.032 20.324
72.188 21.393
70.444 21.393
70.556 23.024
70.556 23.024
70.613 24.093
> 
114.411 -21.815
116.478 -20.633
119.432 -19.536
121.457 -18.228
122.934 -16.414
124.706 -14.979
126.479 -14.388
128.251 -14.726
129.432 -14.135
131.373 -12.743
134.116 -11.561
134.285 -12.743
132.681 -15.275
131.500 -16.245
129.474 -16.625
126.268 -18.144
125.424 -19.410
123.905 -19.536
122.554 -19.916
122.428 -22.321
123.441 -23.376
124.495 -23.882
124.833 -25.528
125.930 -26.963
126.521 -27.933
127.491 -28.861
129.770 -29.916
131.247 -30.465
133.441 -31.224
133.989 -32.363
130.656 -31.646
127.112 -31.520
125.171 -32.363
123.905 -33.503
120.740 -33.292
119.516 -34.515
118.293 -35.655
116.225 -35.612
115.424 -34.558
115.846 -31.562
114.369 -29.536
113.229 -28.102
113.440 -23.587
114.411 -21.773
114.411 -21.773
114.411 -21.815
> 
292.304 77.343
298.380 75.993
302.768 75.486
307.832 72.617
309.688 68.398
310.195 64.009
313.233 62.828
319.815 64.853
325.722 69.073
330.279 70.761
332.811 74.136
332.811 76.837
330.786 81.056
326.904 82.406
321.672 82.575
316.946 82.069
305.469 81.056
297.199 81.056
290.448 79.200
290.448 79.200
292.304 77.343
> 
228.506 68.904
228.674 64.516
230.362 62.659
235.932 59.621
237.957 55.571
238.295 51.013
243.865 47.132
247.071 42.912
248.928 39.030
253.316 37.005
261.418 38.861
268.675 41.562
273.232 40.887
276.945 41.731
281.840 42.743
287.072 44.769
293.317 48.313
295.849 52.026
297.368 55.064
296.692 58.271
292.979 62.828
293.317 65.360
292.304 68.060
287.578 69.917
280.996 71.436
274.751 71.436
272.388 73.799
271.376 77.174
269.519 78.018
257.029 76.330
246.059 76.162
238.295 74.305
234.750 73.292
234.750 73.292
228.506 68.904
> 
268.675 80.550
274.245 79.537
274.414 77.005
279.477 76.499
285.722 78.187
292.304 81.225
279.814 82.069
279.814 82.069
268.675 80.550
> 
289.266 3.587
289.941 -1.983
292.304 -5.865
294.836 -9.916
297.874 -15.317
300.574 -18.017
305.131 -17.511
311.207 -13.123
312.895 -9.747
311.545 -0.464
307.663 5.949
303.106 7.468
298.043 9.325
292.473 7.300
292.473 7.300
289.266 3.587
> 
312.051 -16.667
313.739 -20.718
318.127 -22.574
320.659 -21.730
322.347 -16.329
323.191 -12.110
319.140 -8.397
314.921 -8.903
311.883 -12.954
311.883 -12.954
312.051 -16.667
> 
347.326 25.697
350.027 28.228
353.402 31.604
357.622 32.448
359.478 30.591
358.803 24.178
359.309 21.983
361.166 19.114
360.153 14.220
360.660 5.274
357.284 5.443
352.896 5.106
346.820 10.844
346.313 15.063
345.807 21.308
345.807 21.308
347.326 25.697
